0 1 38.2887654962
0 2 21.7003165601
0 3 25.9247674611
0 4 15.7918890523
0 12 16.8345912926
0 76 41.867300467
1 0 38.2887654962
1 2 18.8638930047
1 3 36.4371687442
1 12 29.6442004645
1 13 23.3938356719
1 76 28.640156754
2 0 21.7003165601
2 3 30.310773402
2 4 30.0659786153
2 5 46.3273128353
2 6 22.9374970564
2 76 45.0091279354
3 1 36.4371687442
3 2 30.310773402
3 4 36.1985745866
3 12 26.9924409481
3 13 28.7542687864
3 76 37.4255914351
4 2 30.0659786153
4 3 36.1985745866
4 5 35.6332570472
4 15 24.9762190132
4 20 34.6540114474
4 21 34.0729311092
5 2 46.3273128353
5 3 22.6405337187
5 4 35.6332570472
5 6 44.4390101564
5 23 21.0110544308
5 76 23.1867744928
6 2 22.9374970564
6 4 23.5054492972
6 5 44.4390101564
6 7 35.473637461
6 21 20.1343851526
6 23 29.0714703409
7 5 19.9753151653
7 6 35.473637461
7 23 23.2139288209
7 27 25.2558867988
7 31 44.9066116101
7 32 22.5439535736
8 9 40.5802916542
8 10 19.4461530156
8 11 17.5166209607
8 14 13.5961860581
8 16 16.2354988292
8 17 12.5182693187
9 8 40.5802916542
9 10 30.3825118826
9 11 21.775281039
9 14 19.6941626572
9 16 25.763130005
9 17 17.792098408
10 9 30.3825118826
10 11 50.4984496382
10 12 20.9090262965
10 13 19.7001678005
10 14 38.4770040547
10 16 21.0385799429
11 9 21.775281039
11 10 50.4984496382
11 12 27.5746437337
11 13 22.2341077734
11 14 24.8632629904
11 15 18.7438732746
12 1 29.6442004645
12 3 26.9924409481
12 11 27.5746437337
12 13 63.6987941208
12 15 33.272423783
12 20 21.4401669192
13 1 23.3938356719
13 3 28.7542687864
13 4 23.3490320926
13 12 63.6987941208
13 15 68.4473696052
13 20 32.0813457794
14 10 38.4770040547
14 11 24.8632629904
14 15 25.0313376518
14 17 23.4985324573
14 18 37.2441958485
14 19 24.2371169727
15 12 33.272423783
15 13 68.4473696052
15 14 25.0313376518
15 19 31.9105990062
15 20 51.8233675071
15 21 25.4797544672
16 8 16.2354988292
16 9 25.763130005
16 10 21.0385799429
16 14 23.106512992
16 17 52.6982685906
16 18 22.2924109801
17 9 17.792098408
17 10 17.746576906
17 14 23.4985324573
17 16 52.6982685906
17 18 30.6803059922
17 24 20.169213207
18 14 37.2441958485
18 15 20.1580648457
18 16 22.2924109801
18 17 30.6803059922
18 19 32.3632012945
18 24 30.0792900032
19 14 24.2371169727
19 15 31.9105990062
19 18 32.3632012945
19 20 36.3061372794
19 21 28.074410648
19 22 35.7954946302
20 4 34.6540114474
20 13 32.0813457794
20 15 51.8233675071
20 19 36.3061372794
20 21 50.1054975821
20 22 25.1267138075
21 4 34.0729311092
21 15 25.4797544672
21 19 28.074410648
21 20 50.1054975821
21 22 31.806851057
21 23 31.8735992229
22 19 35.7954946302
22 20 25.1267138075
22 21 31.806851057
22 25 42.7206792474
22 26 38.5416798135
22 28 24.9678772961
23 6 29.0714703409
23 7 23.2139288209
23 21 31.8735992229
23 22 22.4335038186
23 26 27.0215572887
23 27 33.2455428968
24 17 20.169213207
24 18 30.0792900032
24 19 24.1135450807
24 22 23.4669767348
24 25 27.5084199562
24 28 17.5246909287
25 19 21.7511399001
25 22 42.7206792474
25 24 27.5084199562
25 26 41.0890099302
25 28 44.364071392
25 29 23.4128381557
26 22 38.5416798135
26 23 27.0215572887
26 25 41.0890099302
26 27 23.4396693029
26 28 45.6997165142
26 29 24.6039225484
27 7 25.2558867988
27 23 33.2455428968
27 26 23.4396693029
27 30 41.5243322656
27 31 25.8846068094
27 59 24.6187281192
28 22 24.9678772961
28 25 44.364071392
28 26 45.6997165142
28 29 46.8462154905
28 56 19.9399543756
28 57 21.462794613
29 25 23.4128381557
29 26 24.6039225484
29 28 46.8462154905
29 56 32.470827507
29 57 37.7686425024
29 58 23.5297857958
30 27 41.5243322656
30 33 28.9200164046
30 57 22.0241659216
30 58 47.769630701
30 59 42.5653260012
30 60 23.7560410044
31 7 44.9066116101
31 27 25.8846068094
31 32 45.0064271214
31 33 26.4395682595
31 34 22.6091231074
31 59 20.4920412415
32 31 45.0064271214
32 33 49.1334609258
32 34 45.1914929367
32 35 26.6229970225
32 37 22.5712743325
32 59 28.2615613009
33 30 28.9200164046
33 32 49.1334609258
33 34 59.5073030811
33 36 30.2770179882
33 37 30.040610229
33 59 62.6718270305
34 32 45.1914929367
34 33 59.5073030811
34 35 52.1085438597
34 36 33.9679405975
34 37 45.077388909
34 59 33.1914744114
35 34 52.1085438597
35 36 30.597002524
35 37 54.9577571846
35 38 60.9136328761
35 39 28.8430986368
35 40 31.6441811963
36 34 33.9679405975
36 35 30.597002524
36 37 66.36279818
36 39 45.1809292872
36 59 31.6181327884
36 60 37.3938585686
37 34 45.077388909
37 35 54.9577571846
37 36 66.36279818
37 38 45.3553766775
37 39 48.5627498661
37 40 31.4907385779
38 34 28.9577880253
38 35 60.9136328761
38 37 45.3553766775
38 39 36.5843065328
38 40 65.2592469603
38 41 33.2598312462
39 36 45.1809292872
39 37 48.5627498661
39 38 36.5843065328
39 40 38.9425725175
39 41 37.5026200568
39 67 34.6415373685
40 35 31.6441811963
40 37 31.4907385779
40 38 65.2592469603
40 39 38.9425725175
40 41 64.7798388186
40 42 26.3668357976
41 38 33.2598312462
41 39 37.5026200568
41 40 64.7798388186
41 42 35.5887919925
41 44 27.9942689843
41 68 37.9570279859
42 40 26.3668357976
42 41 35.5887919925
42 44 45.3591218897
42 45 33.9132203659
42 46 24.4220842444
42 47 31.3462568448
43 44 33.4569704942
43 46 43.6602803487
43 48 29.0528803259
43 49 26.0359674637
43 68 43.3996543053
43 72 25.0005417232
44 42 45.3591218897
44 43 33.4569704942
44 45 28.5350555192
44 46 52.7698003295
44 47 50.2049341533
44 68 28.2846176133
45 42 33.9132203659
45 44 28.5350555192
45 46 21.3212132859
45 47 41.2747824917
45 50 18.5441859064
45 51 26.4971207999
46 43 43.6602803487
46 44 52.7698003295
46 47 42.0081959556
46 48 28.997035888
46 49 45.1940569357
46 68 24.8759323204
47 42 31.3462568448
47 44 50.2049341533
47 45 41.2747824917
47 46 42.0081959556
47 49 28.7873255534
47 50 25.556037332
48 43 29.0528803259
48 46 28.997035888
48 49 39.8162592078
48 52 28.5482174279
48 72 36.0220160012
48 74 20.5339001586
49 43 26.0359674637
49 44 25.0684597744
49 46 45.1940569357
49 47 28.7873255534
49 48 39.8162592078
49 50 31.0825281504
50 46 21.782393473
50 47 25.556037332
50 49 31.0825281504
50 51 25.7006303886
50 53 22.3297946718
50 54 26.1935477815
51 44 15.7969837263
51 45 26.4971207999
51 47 22.7621665592
51 49 15.7819698018
51 50 25.7006303886
51 54 20.7410805936
52 48 28.5482174279
52 49 20.2075644543
52 53 28.0710738902
52 71 17.9777727902
52 72 21.9239939994
52 74 27.0872041815
53 46 14.632170129
53 48 19.6921267268
53 49 21.6363662424
53 50 22.3297946718
53 52 28.0710738902
53 54 17.7699716295
54 45 12.3680130583
54 47 13.5284340797
54 49 14.5104586249
54 50 26.1935477815
54 51 20.7410805936
54 53 17.7699716295
55 29 15.1370230324
55 56 24.6140649114
55 61 24.9005469039
55 62 14.7473756135
55 63 58.3270092028
55 64 21.8772324078
56 29 32.470827507
56 55 24.6140649114
56 57 35.3895317775
56 61 55.4728071182
56 62 29.6913350504
56 64 24.3282697765
57 29 37.7686425024
57 56 35.3895317775
57 58 34.2517859755
57 60 24.6535001092
57 61 28.4313257922
57 62 45.3106768415
58 30 47.769630701
58 33 24.7519158124
58 57 34.2517859755
58 59 40.7851402335
58 60 40.3300919709
58 62 23.8200773438
59 30 42.5653260012
59 33 62.6718270305
59 34 33.1914744114
59 36 31.6181327884
59 58 40.7851402335
59 60 34.424108089
60 36 37.3938585686
60 58 40.3300919709
60 59 34.424108089
60 62 25.2091429867
60 66 29.4880203374
60 67 27.8375368761
61 55 24.9005469039
61 56 55.4728071182
61 57 28.4313257922
61 62 35.8674510835
61 64 42.8045465543
61 65 28.1582258285
62 56 29.6913350504
62 57 45.3106768415
62 60 25.2091429867
62 61 35.8674510835
62 65 42.3836616448
62 66 28.0538301373
63 55 58.3270092028
63 56 19.0483447673
63 61 21.6050745865
63 64 23.4074232927
63 65 13.6511495484
63 69 14.491858317
64 56 24.3282697765
64 61 42.8045465543
64 62 25.0951026142
64 63 23.4074232927
64 65 31.9168286268
64 69 32.9389893878
65 57 21.915605961
65 61 28.1582258285
65 62 42.3836616448
65 64 31.9168286268
65 66 34.0656548292
65 69 34.4607821242
66 36 21.0027574666
66 60 29.4880203374
66 62 28.0538301373
66 65 34.0656548292
66 67 41.4379527169
66 70 29.9834021433
67 36 29.9035720485
67 39 34.6415373685
67 60 27.8375368761
67 66 41.4379527169
67 68 33.5270566756
67 70 27.9596507317
68 39 34.2866027636
68 40 25.6591492556
68 41 37.9570279859
68 43 43.3996543053
68 44 28.2846176133
68 67 33.5270566756
69 61 20.0756693285
69 62 19.5747227724
69 64 32.9389893878
69 65 34.4607821242
69 71 21.4596125288
69 73 19.567220071
70 43 24.6702717133
70 66 29.9834021433
70 67 27.9596507317
70 68 22.4936549803
70 71 27.5585132136
70 72 36.0741891921
71 48 19.1851305169
71 69 21.4596125288
71 70 27.5585132136
71 72 37.6824650826
71 73 23.6578277603
71 74 41.3535315818
72 43 25.0005417232
72 48 36.0220160012
72 52 21.9239939994
72 70 36.0741891921
72 71 37.6824650826
72 74 29.1454622006
73 64 13.1321527878
73 69 19.567220071
73 70 13.2815301554
73 71 23.6578277603
73 72 14.6719133261
73 74 22.5036229418
74 48 20.5339001586
74 52 27.0872041815
74 70 17.8739376425
74 71 41.3535315818
74 72 29.1454622006
74 73 22.5036229418
75 8 11.5993327974
75 9 10.9265317042
75 10 8.09694378895
75 14 7.49641235802
75 16 10.6384424193
75 17 9.24959785881
76 0 41.867300467
76 1 28.640156754
76 2 45.0091279354
76 3 37.4255914351
76 4 22.752713358
76 5 23.1867744928
